Mach Virtual Memory Statistics: (page size of 4096 bytes)
    free   active   specul inactive throttle    wired  prgable   faults     copy    0fill reactive   purged file-backed anonymous cmprssed cmprssor  dcomprs   comprs  pageins  pageout  swapins swapouts
   59607   529746     8005   507909        0   357736    37689 1727395K 12785303  641725K 42385759  9581410      294807    750853  1654849   633810 39802478 58356826 23507207   661250 19712773 21041266 
   51544   520659     8097   511669        0   371026    37653    19450      677     6952        0        0      294906    745519  1654779   633778       70        0       69        0        0        0 
   77563   503516     8097   502141        0   371751    37652       79        2       68        0        0      294906    718848  1654779   633778        0        0        0        0        0        0 
   77605   503750     8093   501986        0   371753    37653     1420        0     1373        0        0      294909    718920  1654768   633778       11        0        0        0        0        0 
   77662   503754     8093   501986        0   371756    37656       72        0       52        0        0      294909    718924  1654768   633778        0        0        0        0        0        0 
   77623   503748     8102   501986        0   371757    37643       89        0       81        0        0      294918    718918  1654768   633778        0        0        0        0        0        0 
   77812   518181     8102   502207        0   356858    38390       78        0       70        0        0      294918    733572  1654767   633778        1        0        0        0        0        0 
   77880   516532     8102   504109        0   356591    38749       59        0       54        0        0      294918    733825  1654767   633778        0        0        0        0        0        0 
   77878   516433     8102   504158        0   356591    38749       79        0       75        0        0      294918    733775  1654767   633778        0        0        0        0        0        0 
   78154   516425     8102   504170        0   356225    38749       46        0       42        0        0      294918    733779  1654767   633778        0        0        0        0        0        0 
   78082   512527     8102   504725        0   359703    36493      404        0      461        0        0      294918    730436  1654765   633778        2        0        0        0        0        0 
   76870   507729     8129   502766        0   367620    34725     1553        0     1248        0        0      294945    723679  1654753   633778       12        0        1        0        0        0 
   77007   507557     8129   502535        0   367857    34508      100        0       99        0        0      294945    723276  1654753   633778        0        0        0        0        0        0 
   76932   507553     8129   502301        0   368091    34508       49        0       49        0        0      294945    723038  1654753   633778        0        0        0        0        0        0 
   76906   507569     8129   502301        0   368095    34506      117        0      100        0        0      294945    723054  1654753   633778        0        0        0        0        0        0 
   76948   507712     8129   502301        0   367973    34514       64        0       62        0        0      294945    723197  1654752   633778        1        0        0        0        0        0 
   77264   510073     8129   502201        0   365457    36313       63        0       60        0        0      294945    725458  1654751   633778        1        0        0        0        0        0 
   77266   515621     8129   502124        0   359936    37916       85        0       78        0        0      294945    730929  1654749   633778        2        0        0        0        0        0 
   77242   516256     8129   502163        0   359252    38354      105        0       81        0        0      294945    731603  1654749   633778        0        0        0        0        0        0 
   77306   519922     8130   502355        0   355382    38418       57        0       52        0        0      294946    735461  1654749   633778        0        0        0        0        0        0 
   77368   520360     8127   502666        0   354624    38485       55        0       50       17        0      294943    736210  1654749   633778        0        0        0        0        0        0 
